4.500000000000000000e+02 1.889199525104147681e-01
4.510050251256281513e+02 3.544314529643244338e-01
4.520100502512563025e+02 1.565577909477814111e-01
4.530150753768843970e+02 -4.697094543395230470e-02
4.540201005025125482e+02 1.650036173457324756e-02
4.550251256281406995e+02 -4.766134509477135822e-02
4.560301507537688508e+02 1.560913292635525418e-01
4.570351758793970021e+02 -2.547836009004129099e-01
4.580402010050250965e+02 9.617622480036830401e-02
4.590452261306532478e+02 -2.564004278208884546e-01
4.600502512562813990e+02 -5.373956526367777708e-02
4.610552763819095503e+02 -1.184208094121873972e-01
4.620603015075377016e+02 -1.429474285260626809e-01
4.630653266331658529e+02 1.715420643392024935e-01
4.640703517587939473e+02 2.524706901774286805e-01
4.650753768844220986e+02 1.798534063485231205e-02
4.660804020100502498e+02 3.702605430314605262e-02
4.670854271356784011e+02 1.600877186693892562e-01
4.680904522613065524e+02 -2.343402901012474338e-02
4.690954773869346468e+02 2.359407057093244886e-01
4.701005025125627981e+02 1.615247129454915609e-01
4.711055276381909493e+02 5.678589782589002488e-02
4.721105527638191006e+02 -3.070472979232712063e-02
4.731155778894472519e+02 -8.102127736121525481e-03
4.741206030150754032e+02 4.735062099368804456e-02
4.751256281407034976e+02 -2.855316708360949862e-02
4.761306532663316489e+02 -9.812925656664953089e-02
4.771356783919598001e+02 1.117619245001331557e-01
4.781407035175879514e+02 3.131842147135042997e-02
4.791457286432161027e+02 4.717192251421531424e-01
4.801507537688441971e+02 2.717511717794842685e-01
4.811557788944723484e+02 2.184729549351870914e-01
4.821608040201004997e+02 1.956125773195961925e-01
4.831658291457286509e+02 1.909229565010409080e-01
4.841708542713568022e+02 7.247938474180579682e-01
4.851758793969848966e+02 -2.009073808893879765e-01
4.861809045226130479e+02 4.548752691162696316e-01
4.871859296482411992e+02 2.427098014525731484e-01
4.881909547738693504e+02 2.670990619062309501e-01
4.891959798994975017e+02 5.845012761390552813e-02
4.902010050251255961e+02 1.157070578851500942e-01
4.912060301507537474e+02 2.850798026294203424e-01
4.922110552763818987e+02 5.864796920942728642e-01
4.932160804020100500e+02 1.196197591872039112e-02
4.942211055276382012e+02 3.050547235355383080e-02
4.952261306532662957e+02 5.387931785756966407e-01
4.962311557788944469e+02 4.137631662192156057e-01
4.972361809045225982e+02 4.548554703338786864e-01
4.982412060301507495e+02 3.687524875225886012e-01
4.992462311557789008e+02 5.729449074821026944e-01
5.002512562814070520e+02 5.633059892472509489e-01
5.012562814070352033e+02 6.338048620377999542e-01
5.022613065326632977e+02 6.943775353441613563e-01
5.032663316582914490e+02 8.160302730550068606e-01
5.042713567839196003e+02 1.130361170363700651e+00
5.052763819095477515e+02 9.000739222678961760e-01
5.062814070351759028e+02 1.060718564103399375e+00
5.072864321608039972e+02 1.111088095010147381e+00
5.082914572864321485e+02 9.614120590659143151e-01
5.092964824120602998e+02 1.104182450395740922e+00
5.103015075376884511e+02 1.492325746833869538e+00
5.113065326633166023e+02 1.659247584759567573e+00
5.123115577889446968e+02 1.779747606281429917e+00
5.133165829145729049e+02 2.077979911470131391e+00
5.143216080402009993e+02 2.413145899881634637e+00
5.153266331658290937e+02 3.274620374544799262e+00
5.163316582914573019e+02 2.905255808522904992e+00
5.173366834170853963e+02 3.515511370666941637e+00
5.183417085427136044e+02 4.029612787533652707e+00
5.193467336683416988e+02 4.250889174138662518e+00
5.203517587939697933e+02 4.133684478601481693e+00
5.213567839195980014e+02 3.964817652144329685e+00
5.223618090452260958e+02 4.281180366960849248e+00
5.233668341708543039e+02 3.942354531342307844e+00
5.243718592964823983e+02 2.829068755722623063e+00
5.253768844221106065e+02 2.759569139523925685e+00
5.263819095477387009e+02 2.781965271834677456e+00
5.273869346733667953e+02 2.268009271902480251e+00
5.283919597989950034e+02 1.815844087518138972e+00
5.293969849246230979e+02 1.745253936013340557e+00
5.304020100502511923e+02 1.918164159523426893e+00
5.314070351758794004e+02 1.425388318786203534e+00
5.324120603015074948e+02 1.076241744438019454e+00
5.334170854271357030e+02 9.269834212105807492e-01
5.344221105527637974e+02 7.666862285263021937e-01
5.354271356783920055e+02 9.114405647498635687e-01
5.364321608040200999e+02 1.291514865350794850e+00
5.374371859296481944e+02 5.758006313729649994e-01
5.384422110552764025e+02 8.949759888841850586e-01
5.394472361809044969e+02 9.102568514596245386e-01
5.404522613065325913e+02 3.529095962669985820e-01
5.414572864321607994e+02 4.617074071522256351e-01
5.424623115577888939e+02 3.735575569918456740e-01
5.434673366834171020e+02 4.103862647229009064e-01
5.444723618090451964e+02 3.801528621866648860e-01
5.454773869346734045e+02 -1.658265872792049067e-01
5.464824120603014990e+02 1.864237047477308729e-01
5.474874371859295934e+02 6.047112077342342573e-01
5.484924623115578015e+02 2.862898597594998318e-01
5.494974874371858959e+02 2.645241539675193265e-01
5.505025125628141041e+02 3.473635134086594523e-02
5.515075376884421985e+02 1.014873305139905035e-01
5.525125628140704066e+02 4.974268506462868888e-01
5.535175879396985010e+02 6.437277893679713148e-02
5.545226130653265955e+02 2.201208692217559437e-01
5.555276381909548036e+02 4.122560979318150576e-01
5.565326633165828980e+02 -1.784930339288700596e-01
5.575376884422109924e+02 4.304955237038989302e-01
5.585427135678392006e+02 5.557089408632254202e-03
5.595477386934672950e+02 4.168547387180928654e-01
5.605527638190955031e+02 2.134326581736194495e-01
5.615577889447235975e+02 4.564442410366714720e-03
5.625628140703518056e+02 -6.928834370175968038e-03
5.635678391959799001e+02 3.077781184180796159e-01
5.645728643216079945e+02 6.728162292566777780e-02
5.655778894472362026e+02 1.611806551113134645e-01
5.665829145728642970e+02 1.184779461101951731e-01
5.675879396984923915e+02 6.837832577313826543e-02
5.685929648241205996e+02 -3.876915070286772735e-01
5.695979899497486940e+02 6.987942315393541604e-03
5.706030150753769021e+02 1.740647190934820066e-02
5.716080402010049966e+02 1.811690828758557859e-01
5.726130653266332047e+02 2.767731547685511884e-01
5.736180904522612991e+02 3.772232523788193737e-01
5.746231155778893935e+02 -1.416439197444603615e-02
5.756281407035176017e+02 3.371517303311117875e-01
5.766331658291456961e+02 -1.343802729380683125e-01
5.776381909547739042e+02 -1.988784207771758517e-01
5.786432160804019986e+02 -5.245125706702422064e-03
5.796482412060302067e+02 2.070439756308386364e-02
5.806532663316583012e+02 -3.367225697883804991e-02
5.816582914572863956e+02 -1.920756768949756776e-01
5.826633165829146037e+02 -1.403591833984363380e-01
5.836683417085426981e+02 -2.559782211284508668e-02
5.846733668341707926e+02 8.249212213363291135e-02
5.856783919597990007e+02 2.699941865825982723e-01
5.866834170854270951e+02 6.958361342138753847e-02
5.876884422110553032e+02 -1.889461861952907717e-01
5.886934673366833977e+02 7.563880086910292067e-02
5.896984924623116058e+02 1.871633061616845284e-01
5.907035175879397002e+02 -4.277543402783726134e-02
5.917085427135677946e+02 3.247957104195590139e-01
5.927135678391960028e+02 -2.461057425479288574e-01
5.937185929648240972e+02 4.576722302174973112e-01
5.947236180904521916e+02 1.775677103243496480e-01
5.957286432160803997e+02 -1.427500657712693910e-01
5.967336683417084942e+02 3.246987191488025920e-02
5.977386934673367023e+02 7.899106140782086172e-02
5.987437185929647967e+02 1.483892663704082793e-01
5.997487437185930048e+02 -1.463333638225020883e-01
6.007537688442210992e+02 2.304484590325697191e-01
6.017587939698491937e+02 4.252573641909321855e-01
6.027638190954774018e+02 -3.850099513618934766e-02
6.037688442211054962e+02 -1.166244816165520892e-01
6.047738693467335906e+02 -3.136986992053714118e-01
6.057788944723617988e+02 1.320654677778509978e-01
6.067839195979900069e+02 -7.934655337640497685e-02
6.077889447236181013e+02 2.449074639374241441e-02
6.087939698492461957e+02 -1.070100403110925968e-01
6.097989949748744039e+02 -1.524056803037073804e-01
6.108040201005024983e+02 2.673512768755615943e-01
6.118090452261305927e+02 1.018851043749321589e-01
6.128140703517588008e+02 1.493418902984623986e-01
6.138190954773868953e+02 -1.753278996438595305e-01
6.148241206030149897e+02 -2.673451043593476628e-01
6.158291457286431978e+02 1.232905200909301530e-01
6.168341708542714059e+02 1.810635349753079992e-01
6.178391959798995003e+02 -1.086419985355057266e-01
6.188442211055275948e+02 -2.128719757200664975e-01
6.198492462311558029e+02 2.428456069723292921e-01
6.208542713567838973e+02 -7.938873524752657063e-02
6.218592964824119917e+02 1.799693929857649477e-01
6.228643216080401999e+02 -2.820114323981143256e-01
6.238693467336682943e+02 -1.155214387897903483e-01
6.248743718592965024e+02 1.649059120166796732e-01
6.258793969849245968e+02 3.368824215866044192e-01
6.268844221105528050e+02 -1.252507476303993672e-01
6.278894472361808994e+02 -4.072405055810203456e-02
6.288944723618089938e+02 1.100305526970361270e-01
6.298994974874372019e+02 -8.130748247856363353e-02
6.309045226130652964e+02 1.657224750457840790e-01
6.319095477386933908e+02 1.106626503829198221e-01
6.329145728643215989e+02 -9.566552859089733074e-02
6.339195979899496933e+02 1.432988017207850184e-01
6.349246231155779014e+02 -1.788769072590611353e-01
6.359296482412059959e+02 -3.869056538370214682e-01
6.369346733668342040e+02 -8.990068260274572398e-02
6.379396984924622984e+02 3.805898227433901840e-03
6.389447236180903928e+02 -5.363814502502717296e-02
6.399497487437186010e+02 9.580148010149110160e-02
6.409547738693466954e+02 3.912751332830913253e-02
6.419597989949747898e+02 -4.107828129823953289e-01
6.429648241206029979e+02 1.818204581616173487e-01
6.439698492462312061e+02 1.811540029271083430e-01
6.449748743718593005e+02 -2.794326246050272133e-01
6.459798994974873949e+02 -4.456852232937531522e-01
6.469849246231156030e+02 8.325994966004103548e-02
6.479899497487436975e+02 -2.890935117148350497e-01
6.489949748743717919e+02 5.846068750603772290e-02
6.500000000000000000e+02 -3.053572402979854439e-01
