4.500000000000000000e+02 2.029564332393905546e-01
4.510050251256281513e+02 5.008487882527129509e-01
4.520100502512563025e+02 -2.495345453762183863e-01
4.530150753768843970e+02 -7.116545117063172166e-02
4.540201005025125482e+02 -9.551279088863516564e-03
4.550251256281406995e+02 -2.150550781440064285e-01
4.560301507537688508e+02 1.006918548939317593e-01
4.570351758793970021e+02 -3.043450567354968328e-01
4.580402010050250965e+02 1.616062360748515281e-01
4.590452261306532478e+02 2.800673094937013441e-01
4.600502512562813990e+02 2.411783721886485710e-01
4.610552763819095503e+02 1.593326535938050237e-01
4.620603015075377016e+02 -6.768263765732449033e-02
4.630653266331658529e+02 -2.092356825766160389e-01
4.640703517587939473e+02 1.524821401524922293e-01
4.650753768844220986e+02 8.745072669797510079e-02
4.660804020100502498e+02 4.307022498513267406e-02
4.670854271356784011e+02 7.483671903207045339e-02
4.680904522613065524e+02 6.544899712252416624e-03
4.690954773869346468e+02 -8.142682983846835643e-03
4.701005025125627981e+02 3.101343226089122718e-01
4.711055276381909493e+02 4.647165791993121409e-02
4.721105527638191006e+02 -1.867978307411023164e-01
4.731155778894472519e+02 4.076635420657758191e-01
4.741206030150754032e+02 4.486717497639899355e-01
4.751256281407034976e+02 5.014636442988985171e-02
4.761306532663316489e+02 5.242635058216913446e-01
4.771356783919598001e+02 2.407880177418199041e-01
4.781407035175879514e+02 2.343766938321404369e-01
4.791457286432161027e+02 3.565311712965134605e-01
4.801507537688441971e+02 2.143575031300552491e-01
4.811557788944723484e+02 2.607939091518826080e-01
4.821608040201004997e+02 3.468311028105581784e-01
4.831658291457286509e+02 -8.637110111470364116e-03
4.841708542713568022e+02 1.870240786110305420e-01
4.851758793969848966e+02 3.189682164303007106e-01
4.861809045226130479e+02 1.229714817048044861e-01
4.871859296482411992e+02 2.109201927398305365e-01
4.881909547738693504e+02 2.264328022527744844e-01
4.891959798994975017e+02 2.334737125053024664e-01
4.902010050251255961e+02 -3.461641376787127911e-02
4.912060301507537474e+02 2.283212590689844557e-01
4.922110552763818987e+02 1.801037529581810681e-01
4.932160804020100500e+02 5.093761392702506052e-02
4.942211055276382012e+02 4.722099950562977932e-01
4.952261306532662957e+02 2.153803333230432659e-01
4.962311557788944469e+02 3.401160237546191900e-01
4.972361809045225982e+02 2.885915915531507836e-01
4.982412060301507495e+02 4.900370054072475390e-01
4.992462311557789008e+02 2.372338553452060517e-01
5.002512562814070520e+02 1.602521459033602325e-01
5.012562814070352033e+02 5.213472924962089250e-01
5.022613065326632977e+02 4.943578647788937630e-01
5.032663316582914490e+02 7.225061640447303368e-01
5.042713567839196003e+02 7.099158888000491885e-01
5.052763819095477515e+02 5.010567206255649442e-01
5.062814070351759028e+02 7.195612577008381194e-01
5.072864321608039972e+02 8.286741564307112951e-01
5.082914572864321485e+02 1.143998201771190049e+00
5.092964824120602998e+02 7.244541923948357720e-01
5.103015075376884511e+02 1.207505443853253313e+00
5.113065326633166023e+02 1.704892104196689351e+00
5.123115577889446968e+02 1.460926406260494748e+00
5.133165829145729049e+02 1.854026798885526350e+00
5.143216080402009993e+02 2.283598449536436537e+00
5.153266331658290937e+02 2.300082568595544164e+00
5.163316582914573019e+02 2.769333005291695127e+00
5.173366834170853963e+02 3.129093777385119068e+00
5.183417085427136044e+02 3.468037266585366041e+00
5.193467336683416988e+02 3.761543098972406352e+00
5.203517587939697933e+02 4.322020485265103851e+00
5.213567839195980014e+02 4.054054316322124762e+00
5.223618090452260958e+02 4.129068565851313544e+00
5.233668341708543039e+02 4.168894655402783478e+00
5.243718592964823983e+02 3.662877846373370883e+00
5.253768844221106065e+02 3.622313039785795219e+00
5.263819095477387009e+02 3.459216638370756769e+00
5.273869346733667953e+02 2.727061737131550867e+00
5.283919597989950034e+02 1.651381948252840903e+00
5.293969849246230979e+02 2.216582645392520590e+00
5.304020100502511923e+02 2.010326027133261029e+00
5.314070351758794004e+02 1.753670492901811429e+00
5.324120603015074948e+02 1.174421215071998148e+00
5.334170854271357030e+02 1.721213861856153216e+00
5.344221105527637974e+02 1.423225749903204163e+00
5.354271356783920055e+02 1.017103307190103667e+00
5.364321608040200999e+02 7.369095768601263696e-01
5.374371859296481944e+02 7.461479508319603937e-01
5.384422110552764025e+02 7.345569875345717703e-01
5.394472361809044969e+02 4.433301959845351026e-01
5.404522613065325913e+02 4.732509102420115465e-01
5.414572864321607994e+02 8.686118332711973977e-01
5.424623115577888939e+02 4.333142947464734274e-01
5.434673366834171020e+02 4.006671974124011992e-01
5.444723618090451964e+02 3.180281983891086739e-01
5.454773869346734045e+02 4.614518440534805532e-01
5.464824120603014990e+02 3.495293201110866166e-01
5.474874371859295934e+02 5.416614971998995332e-01
5.484924623115578015e+02 6.224566420430878155e-01
5.494974874371858959e+02 4.123679229546595160e-01
5.505025125628141041e+02 2.957935181607468933e-01
5.515075376884421985e+02 3.861904345259204452e-01
5.525125628140704066e+02 3.281896658957343949e-01
5.535175879396985010e+02 4.377227008701743971e-01
5.545226130653265955e+02 1.051782534710627437e-01
5.555276381909548036e+02 1.379443645681489583e-01
5.565326633165828980e+02 1.403771999732226217e-01
5.575376884422109924e+02 2.101736540351092919e-01
5.585427135678392006e+02 -1.949133106378012070e-02
5.595477386934672950e+02 -1.222441876278004269e-01
5.605527638190955031e+02 -1.395036685260649112e-01
5.615577889447235975e+02 1.008787573568292184e-01
5.625628140703518056e+02 2.669602238553104856e-01
5.635678391959799001e+02 2.312588420305990433e-01
5.645728643216079945e+02 3.277692117300005648e-01
5.655778894472362026e+02 3.256698778958967977e-01
5.665829145728642970e+02 1.405741333246164071e-01
5.675879396984923915e+02 2.999646892119957053e-01
5.685929648241205996e+02 -6.287279749811473806e-02
5.695979899497486940e+02 1.280119545272334070e-01
5.706030150753769021e+02 4.358887228111479328e-01
5.716080402010049966e+02 -2.419014621643585106e-02
5.726130653266332047e+02 3.191569185322804536e-01
5.736180904522612991e+02 3.536109344761000084e-02
5.746231155778893935e+02 -4.840725052240635318e-02
5.756281407035176017e+02 2.316655240888168266e-01
5.766331658291456961e+02 -3.748552770336857631e-02
5.776381909547739042e+02 -1.123539339195204351e-01
5.786432160804019986e+02 -1.010152261556239023e-01
5.796482412060302067e+02 -2.679707504217294645e-01
5.806532663316583012e+02 1.355115859545182877e-01
5.816582914572863956e+02 -5.854771138517102236e-02
5.826633165829146037e+02 3.211082661573576580e-01
5.836683417085426981e+02 2.019614979752246686e-01
5.846733668341707926e+02 -6.562084866457074117e-02
5.856783919597990007e+02 -2.467628610216071050e-01
5.866834170854270951e+02 2.266760070635374935e-02
5.876884422110553032e+02 1.070286237026089327e-01
5.886934673366833977e+02 6.406309778739412153e-02
5.896984924623116058e+02 1.140360764759981438e-01
5.907035175879397002e+02 -6.168909427472349383e-02
5.917085427135677946e+02 3.623868926580661176e-01
5.927135678391960028e+02 8.436220917053598167e-02
5.937185929648240972e+02 -2.286598803968614979e-01
5.947236180904521916e+02 -4.424067497841828456e-02
5.957286432160803997e+02 -2.596654053861240374e-01
5.967336683417084942e+02 1.678829932978776474e-01
5.977386934673367023e+02 -2.831041675937815971e-01
5.987437185929647967e+02 -3.726461114761825399e-03
5.997487437185930048e+02 1.052429935008397377e-01
6.007537688442210992e+02 -4.429906639177567662e-01
6.017587939698491937e+02 -1.719091215574436171e-01
6.027638190954774018e+02 2.357380285431101563e-01
6.037688442211054962e+02 1.908164459177573991e-01
6.047738693467335906e+02 -1.333085743851328553e-01
6.057788944723617988e+02 -9.310112508960842470e-02
6.067839195979900069e+02 -1.484927929210858033e-01
6.077889447236181013e+02 -2.878316232611460856e-01
6.087939698492461957e+02 1.561855732011393771e-01
6.097989949748744039e+02 -2.030812530819961492e-01
6.108040201005024983e+02 1.242462585446525020e-01
6.118090452261305927e+02 3.937481957429332657e-02
6.128140703517588008e+02 5.423645847165935452e-01
6.138190954773868953e+02 -2.694915665156336418e-02
6.148241206030149897e+02 4.070837423256037924e-02
6.158291457286431978e+02 -2.301023365761152295e-01
6.168341708542714059e+02 2.016961679105055971e-01
6.178391959798995003e+02 -5.963422075430455799e-02
6.188442211055275948e+02 2.783335765507264359e-01
6.198492462311558029e+02 -2.742728769302208436e-01
6.208542713567838973e+02 1.433008241421198370e-01
6.218592964824119917e+02 -4.045853362604994591e-02
6.228643216080401999e+02 4.886945103762437015e-02
6.238693467336682943e+02 -1.016426576278553831e-02
6.248743718592965024e+02 -2.407229666826323222e-01
6.258793969849245968e+02 -1.283303869121388274e-02
6.268844221105528050e+02 -1.650200544808809733e-01
6.278894472361808994e+02 -4.066827596148503421e-01
6.288944723618089938e+02 -4.508258657400420755e-01
6.298994974874372019e+02 -1.459606737188689773e-01
6.309045226130652964e+02 -7.694941903112877124e-02
6.319095477386933908e+02 1.078357648009066194e-01
6.329145728643215989e+02 -9.065531319926634080e-02
6.339195979899496933e+02 1.984688303909310225e-01
6.349246231155779014e+02 1.397786581700884434e-01
6.359296482412059959e+02 -1.763061224928418880e-01
6.369346733668342040e+02 1.145797990257806792e-01
6.379396984924622984e+02 1.251422429400661229e-01
6.389447236180903928e+02 -1.458892157542048262e-01
6.399497487437186010e+02 2.131595749314531274e-01
6.409547738693466954e+02 3.221016924600400566e-02
6.419597989949747898e+02 1.986356887453786246e-01
6.429648241206029979e+02 1.451139405377483912e-02
6.439698492462312061e+02 -3.954540708999635945e-01
6.449748743718593005e+02 5.077666348353697401e-02
6.459798994974873949e+02 -1.265090129968604593e-01
6.469849246231156030e+02 1.115272204680826940e-01
6.479899497487436975e+02 -2.921074174399066470e-01
6.489949748743717919e+02 2.952081505945717832e-01
6.500000000000000000e+02 -3.619004927095765406e-02
