4.500000000000000000e+02 -2.155303024208576335e-01
4.510050251256281513e+02 9.504410022293942328e-03
4.520100502512563025e+02 6.569125537117985469e-02
4.530150753768843970e+02 6.791582802550909237e-02
4.540201005025125482e+02 3.584261860097625596e-01
4.550251256281406995e+02 -1.462479345490959037e-01
4.560301507537688508e+02 1.022688607399034194e-01
4.570351758793970021e+02 6.686552489897475138e-02
4.580402010050250965e+02 2.891575493066885216e-01
4.590452261306532478e+02 1.727329989833898960e-01
4.600502512562813990e+02 2.702185787236850018e-02
4.610552763819095503e+02 -2.571008949665710697e-01
4.620603015075377016e+02 1.481315062206238209e-01
4.630653266331658529e+02 9.303430374836910155e-02
4.640703517587939473e+02 1.368141280993516173e-01
4.650753768844220986e+02 1.846524755102801341e-01
4.660804020100502498e+02 1.139789028122076969e-01
4.670854271356784011e+02 1.659567362376568878e-01
4.680904522613065524e+02 3.416296968204394768e-01
4.690954773869346468e+02 -2.717484204214187793e-01
4.701005025125627981e+02 2.138063900522004235e-01
4.711055276381909493e+02 1.288670119841009154e-01
4.721105527638191006e+02 -1.365780143393034163e-01
4.731155778894472519e+02 4.580643112144443252e-02
4.741206030150754032e+02 3.576203329556389976e-01
4.751256281407034976e+02 2.899514113409591698e-02
4.761306532663316489e+02 6.602917227136330391e-02
4.771356783919598001e+02 2.186503953976425274e-01
4.781407035175879514e+02 2.316562670322221129e-01
4.791457286432161027e+02 1.606788189040947723e-01
4.801507537688441971e+02 5.128415696457329365e-02
4.811557788944723484e+02 1.543946186754517336e-01
4.821608040201004997e+02 5.848824042083189401e-02
4.831658291457286509e+02 2.907950177543753290e-01
4.841708542713568022e+02 5.780875454141212733e-02
4.851758793969848966e+02 1.494074918151961640e-01
4.861809045226130479e+02 3.250466398673729218e-01
4.871859296482411992e+02 3.595228264654051764e-02
4.881909547738693504e+02 5.981392417372427550e-02
4.891959798994975017e+02 5.491161969907341067e-01
4.902010050251255961e+02 3.669308624442641498e-01
4.912060301507537474e+02 2.647468896836174257e-01
4.922110552763818987e+02 1.681832842093443359e-01
4.932160804020100500e+02 1.561535778830215049e-01
4.942211055276382012e+02 1.150334351008501232e-01
4.952261306532662957e+02 3.031987461229144198e-01
4.962311557788944469e+02 6.299723184471057724e-01
4.972361809045225982e+02 8.108975991289558705e-01
4.982412060301507495e+02 9.260799480906980463e-01
4.992462311557789008e+02 3.034087145297175159e-01
5.002512562814070520e+02 5.287803541934589235e-01
5.012562814070352033e+02 7.427863229937218259e-01
5.022613065326632977e+02 8.916774393908112328e-01
5.032663316582914490e+02 6.351885434862364344e-01
5.042713567839196003e+02 1.026473520606763001e+00
5.052763819095477515e+02 6.546300721271529621e-01
5.062814070351759028e+02 1.006175896952332449e+00
5.072864321608039972e+02 1.262219256728339456e+00
5.082914572864321485e+02 1.048687133873079436e+00
5.092964824120602998e+02 1.423798603536037266e+00
5.103015075376884511e+02 2.150876640149631758e+00
5.113065326633166023e+02 1.702209220015533431e+00
5.123115577889446968e+02 2.714211801675137536e+00
5.133165829145729049e+02 2.907926237381395218e+00
5.143216080402009993e+02 2.841974699322102449e+00
5.153266331658290937e+02 3.092701170846569259e+00
5.163316582914573019e+02 3.527104160157675583e+00
5.173366834170853963e+02 4.321328661518331948e+00
5.183417085427136044e+02 4.185363077047064451e+00
5.193467336683416988e+02 4.665963737705800085e+00
5.203517587939697933e+02 4.806545278959660550e+00
5.213567839195980014e+02 4.309527362449822263e+00
5.223618090452260958e+02 4.246376481135964553e+00
5.233668341708543039e+02 3.907204536375780801e+00
5.243718592964823983e+02 3.779986055979113413e+00
5.253768844221106065e+02 2.980097295139273239e+00
5.263819095477387009e+02 2.437990940495999403e+00
5.273869346733667953e+02 2.374168767779462286e+00
5.283919597989950034e+02 1.962982928338894206e+00
5.293969849246230979e+02 1.536274570019113606e+00
5.304020100502511923e+02 1.683699779928802265e+00
5.314070351758794004e+02 1.696118182159258136e+00
5.324120603015074948e+02 1.239024588127298765e+00
5.334170854271357030e+02 9.637563735983525337e-01
5.344221105527637974e+02 9.261780747735399721e-01
5.354271356783920055e+02 8.379751682592170292e-01
5.364321608040200999e+02 8.806153033609218639e-01
5.374371859296481944e+02 5.492387676971854926e-01
5.384422110552764025e+02 4.853132826026885782e-01
5.394472361809044969e+02 9.762401567861953566e-01
5.404522613065325913e+02 7.135423592778858959e-01
5.414572864321607994e+02 5.647799868956359104e-01
5.424623115577888939e+02 4.217319289529044557e-01
5.434673366834171020e+02 4.122724771086772044e-01
5.444723618090451964e+02 4.497188233839036764e-01
5.454773869346734045e+02 4.585502547310034704e-01
5.464824120603014990e+02 7.967787354794120258e-02
5.474874371859295934e+02 3.113940439800089166e-01
5.484924623115578015e+02 2.016228924247189525e-01
5.494974874371858959e+02 3.446086171455831071e-02
5.505025125628141041e+02 5.039919454074444083e-01
5.515075376884421985e+02 -5.978084288621118847e-02
5.525125628140704066e+02 1.467048469101105423e-01
5.535175879396985010e+02 9.310119307542957801e-02
5.545226130653265955e+02 -2.008213946048534593e-01
5.555276381909548036e+02 2.774653210051207797e-01
5.565326633165828980e+02 2.314992675136659239e-01
5.575376884422109924e+02 5.283736183108692641e-01
5.585427135678392006e+02 2.002218840129406097e-01
5.595477386934672950e+02 3.641680890470998522e-01
5.605527638190955031e+02 4.658840706442031188e-01
5.615577889447235975e+02 -1.126938355070000175e-01
5.625628140703518056e+02 1.335880243532373834e-02
5.635678391959799001e+02 1.591327490782009912e-01
5.645728643216079945e+02 2.162202457141199630e-01
5.655778894472362026e+02 -9.298831190470610575e-02
5.665829145728642970e+02 -1.873519268031262341e-02
5.675879396984923915e+02 3.361164439399133008e-01
5.685929648241205996e+02 -1.102875861260297768e-01
5.695979899497486940e+02 -2.773858417286982347e-01
5.706030150753769021e+02 -5.660047003010995614e-03
5.716080402010049966e+02 1.285911236883388875e-01
5.726130653266332047e+02 3.577776372637878066e-01
5.736180904522612991e+02 -2.682657593617902847e-02
5.746231155778893935e+02 -7.450622153949704174e-05
5.756281407035176017e+02 3.362325718739082037e-01
5.766331658291456961e+02 -1.146837419450005974e-01
5.776381909547739042e+02 2.663089751557651819e-01
5.786432160804019986e+02 4.282934168724490953e-01
5.796482412060302067e+02 -3.422974136044992233e-01
5.806532663316583012e+02 3.580235912358092354e-01
5.816582914572863956e+02 1.026738499330988319e-02
5.826633165829146037e+02 1.728806443460786380e-01
5.836683417085426981e+02 -4.479560144539700417e-01
5.846733668341707926e+02 -7.093023079814129994e-02
5.856783919597990007e+02 1.048390884564968789e-01
5.866834170854270951e+02 -2.092527339249214413e-02
5.876884422110553032e+02 2.122776927810646197e-01
5.886934673366833977e+02 2.790553188436215581e-01
5.896984924623116058e+02 3.515033331106642289e-01
5.907035175879397002e+02 7.859140060237995717e-02
5.917085427135677946e+02 -2.211201488060628856e-02
5.927135678391960028e+02 4.595884311807877376e-01
5.937185929648240972e+02 -2.561269013737049738e-01
5.947236180904521916e+02 4.561875439431284929e-01
5.957286432160803997e+02 7.701231554642593014e-02
5.967336683417084942e+02 5.205134988733299550e-02
5.977386934673367023e+02 3.056535896424087545e-02
5.987437185929647967e+02 1.822751753167203281e-01
5.997487437185930048e+02 -1.028819545066812224e-01
6.007537688442210992e+02 1.314391643310558466e-01
6.017587939698491937e+02 -2.370779422107226198e-01
6.027638190954774018e+02 2.101127055175068259e-01
6.037688442211054962e+02 2.183440859733113693e-01
6.047738693467335906e+02 1.921180684767891944e-01
6.057788944723617988e+02 3.067812791725479382e-01
6.067839195979900069e+02 -9.677330731901204186e-03
6.077889447236181013e+02 3.563112111087212153e-01
6.087939698492461957e+02 -1.878726640887863342e-01
6.097989949748744039e+02 -1.454260672495303885e-01
6.108040201005024983e+02 -1.199613431611948888e-01
6.118090452261305927e+02 -1.282005886029961017e-01
6.128140703517588008e+02 1.180476303255521275e-01
6.138190954773868953e+02 2.837400167776506221e-02
6.148241206030149897e+02 1.325058383641140175e-03
6.158291457286431978e+02 -1.378589855202572989e-01
6.168341708542714059e+02 -5.236929785840808149e-01
6.178391959798995003e+02 -9.691630678629563345e-02
6.188442211055275948e+02 1.585574778649102012e-01
6.198492462311558029e+02 -1.231002709811638285e-01
6.208542713567838973e+02 3.768894365156481852e-02
6.218592964824119917e+02 2.385522739427680394e-01
6.228643216080401999e+02 -1.612455065241692742e-01
6.238693467336682943e+02 2.724480048704083779e-01
6.248743718592965024e+02 1.527047741786750901e-01
6.258793969849245968e+02 -2.028680376692537923e-01
6.268844221105528050e+02 -9.557538010248299576e-02
6.278894472361808994e+02 6.034838179882153625e-02
6.288944723618089938e+02 -2.083880146775421091e-02
6.298994974874372019e+02 6.364603192863912962e-02
6.309045226130652964e+02 9.560889838850739064e-02
6.319095477386933908e+02 -5.587310457732418134e-02
6.329145728643215989e+02 -1.177285021972526574e-01
6.339195979899496933e+02 4.146285461389087601e-01
6.349246231155779014e+02 2.974754449753702623e-03
6.359296482412059959e+02 -1.028121377417095528e-01
6.369346733668342040e+02 -5.327964724075418684e-02
6.379396984924622984e+02 9.593871779309653958e-02
6.389447236180903928e+02 2.699936981082451393e-01
6.399497487437186010e+02 -6.191581150777808462e-01
6.409547738693466954e+02 -2.327276844641010811e-01
6.419597989949747898e+02 -1.499936543890758311e-01
6.429648241206029979e+02 3.530249984657472806e-02
6.439698492462312061e+02 -2.380034699731771453e-01
6.449748743718593005e+02 3.734722922142612311e-02
6.459798994974873949e+02 -2.972617396671137779e-01
6.469849246231156030e+02 2.247372728312015122e-01
6.479899497487436975e+02 5.903207104980672665e-02
6.489949748743717919e+02 1.401145677075203988e-01
6.500000000000000000e+02 4.381332576860310635e-01
